1769595917286 0.3 0
1769595938669 0.2806666666666667 5000
1769595945411 0.2613333333333333 10000
1769595949298 0.242 15000
1769595952805 0.22266666666666668 20000
1769595956183 0.20333333333333334 25000
1769595959402 0.184 30000
1769595962454 0.16466666666666666 35000
1769595965448 0.14533333333333334 40000
1769595968345 0.126 45000
1769595971180 0.10666666666666669 50000
1769595973938 0.08733333333333335 55000
1769595976610 0.068 60000
1769595979213 0.04866666666666669 65000
1769595981744 0.029333333333333322 70000
1769595984216 0.010000000000000009 75000
1769595986672 0.010000000000000009 80000
1769595989131 0.010000000000000009 85000
1769595991601 0.010000000000000009 90000
1769595994036 0.010000000000000009 95000
1769595996507 0.010000000000000009 99999
