1769595917288 -122.05841140751923 0
1769595938671 -137.7523740685832 5000
1769595945412 -109.78080336992939 10000
1769595949299 -96.36234705806086 15000
1769595952806 -88.45142265310162 20000
1769595956184 -82.6346287709247 25000
1769595959403 -78.4834712757707 30000
1769595962456 -75.07989987533853 35000
1769595965449 -72.52744752043544 40000
1769595968346 -70.37797199213286 45000
1769595971182 -68.67862928288336 50000
1769595973939 -67.35100898039933 55000
1769595976611 -66.33282598027111 60000
1769595979215 -65.51583831537717 65000
1769595981745 -64.95098993508131 70000
1769595984217 -64.58153674153463 75000
1769595986673 -64.34968461489076 80000
1769595989132 -64.16078100828916 85000
1769595991603 -63.9841079325884 90000
1769595994037 -63.823882458272784 95000
1769595996508 -63.6858034019745 99999
