1769595917288 -86.35534842825756 0
1769595938671 20.0 5000
1769595945413 20.0 10000
1769595949300 20.0 15000
1769595952807 20.0 20000
1769595956185 20.0 25000
1769595959403 20.0 30000
1769595962456 20.0 35000
1769595965449 20.0 40000
1769595968347 20.0 45000
1769595971182 20.0 50000
1769595973940 20.0 55000
1769595976612 20.0 60000
1769595979215 20.0 65000
1769595981746 20.0 70000
1769595984218 20.0 75000
1769595986674 20.0 80000
1769595989133 20.0 85000
1769595991603 20.0 90000
1769595994038 20.0 95000
1769595996509 20.0 99999
