1769595917287 0.0 0
1769595938670 -155.9968317770718 5000
1769595945411 -68.76585162642179 10000
1769595949298 -37.19957846207483 15000
1769595952805 -26.013734936617944 20000
1769595956184 -18.05579549455565 25000
1769595959402 -15.879985131264217 30000
1769595962455 -12.79177625019797 35000
1769595965448 -11.613522620679921 40000
1769595968345 -7.445402422257103 45000
1769595971181 -6.802469021930532 50000
1769595973938 -6.3229420201235 55000
1769595976610 -3.7090361255233377 60000
1769595979214 -1.9381476731857488 65000
1769595981745 -0.16665061410931029 70000
1769595984216 0.782917993377289 75000
1769595986673 1.7300367726819108 80000
1769595989131 2.383178013582497 85000
1769595991602 3.039631788425248 90000
1769595994037 3.170646291963454 95000
1769595996507 3.3382108555638004 99999
